1    4.080871e+01
2    9.151473e+01
3    1.127950e+02
4    5.638819e+01
5    5.694729e+01
6    6.028827e+00
7    7.181891e+00
8    1.415903e+01
9              NA
10   1.120825e+01
11   1.637014e+01
12   2.192806e+01
13   2.711533e+01
14             NA
15   5.687488e+01
16   2.038418e+00
17   7.404685e+00
18   1.576164e+01
19   1.915993e+01
20   2.753003e+01
21   2.499007e+01
22   2.281560e+01
23   4.568565e+01
24   7.995160e+01
25   4.667351e+01
26   1.648956e+01
27   1.104394e+01
28   1.485905e+01
29   1.712283e+01
30   2.965598e+01
31   2.700648e+01
32   3.975934e+01
33   4.169422e+01
34   5.498860e+01
35   4.773639e+01
36   1.087568e+00
37   2.441162e+00
38   4.656107e+00
39   8.030332e+00
40   1.111328e+01
41   3.565270e+00
42   3.583724e+00
43   7.335480e+00
44   2.292884e+01
45   2.814196e+01
46   8.925649e+00
47   1.246897e+01
48   2.518977e+01
49   2.671545e+01
50   5.837832e+01
51   1.425744e+01
52   1.393341e+01
53   1.393632e+01
54   3.076235e+01
55   3.778788e+01
56   5.425410e+00
57   1.583611e+00
58   3.629104e+00
59             NA
60   1.849032e+01
61   5.461079e+00
62   5.363508e+00
63   4.930359e+00
64   1.798176e+01
65   4.331886e+00
66   6.432189e+00
67   1.856417e+01
68   6.576902e+00
69   8.248704e+00
70   2.208157e+01
71   8.744471e+00
72   1.218713e+01
73   1.998086e+01
74   6.759115e+01
75   5.333840e+01
76   7.895025e-01
77   3.719413e+00
78   4.093494e+00
79   1.841801e+01
80   3.281986e+01
81   2.576573e+00
82   4.912084e+00
83   5.241521e+00
84   8.845279e+00
85   1.641655e+01
86   2.283190e+01
87   1.949161e+01
88   3.250628e+01
89   4.740659e+01
90   9.973131e+01
91   1.023097e+02
92   9.058766e+01
93   1.115946e+02
94   1.263527e+02
95   1.694157e+02
96   1.526781e+01
97   9.321795e+00
98   1.553531e+01
99   1.543395e+01
100  4.323602e+01
101  1.367013e+00
102  4.447822e+00
103  3.475063e+00
104  1.342398e+01
105  1.172141e+01
106  7.237107e-01
107  2.631102e+00