[1] 26039.69
[1] 42825.6
[1] 10800.22
[1] 98273.05
[1] 104257.5
[1] 41822.39
[1] 24840.64
[1] 4899.022
[1] 39915.95
[1] 30937.92
[1] 26354.91
[1] 66384.86
[1] 43837.94
[1] 97141.45
[1] 80553.86
[1] 105556.4
[1] 97374.66
[1] 42760.14
[1] 18749.27
[1] 42109.01
[1] 40674.18
[1] 26003.42
[1] 13229.82
[1] 37472.79
[1] 34684.03
[1] 80187.27
[1] 9460.977
[1] 51630.57
[1] 29253.77
[1] 36399.31
[1] 117512
[1] 33384.29
[1] 58581.23
[1] 5462.316
[1] 28637.74
[1] 15864.17
[1] 9284.81
[1] 1218.755
[1] 98522.61
[1] 19534.52