[1] 25262.03
[1] 41253.33
[1] 10767.57
[1] 95233.73
[1] 101260
[1] 40775.52
[1] 24072.13
[1] 4785.145
[1] 39129.52
[1] 29666.19
[1] 26830.3
[1] 64700.87
[1] 42768.18
[1] 94697.26
[1] 79013.47
[1] 103955.2
[1] 92798.47
[1] 41901.98
[1] 17439.57
[1] 41055.04
[1] 37544.2
[1] 25198.3
[1] 12928.49
[1] 36388.29
[1] 34962.86
[1] 80307.93
[1] 8854.525
[1] 50183.19
[1] 28846.17
[1] 35735.37
[1] 115908.2
[1] 31765.37
[1] 58958.71
[1] 5561.862
[1] 28349.41
[1] 15418.31
[1] 9218.648
[1] 1197.666
[1] 94407.87
[1] 19552.5