 site  experiment  length  width  height
0     1           1     2.2    1.3     9.6
1     1           2     2.1    2.2     7.6
2     1           3     2.7    1.5     2.2
3     2           1     3.0    4.5     1.5
4     2           2     3.1    3.1     4.0
0     2.2
1     2.1
2     2.7
3     3.0
4     3.1
5     2.5
6     1.9
7     1.1
8     3.5
9     2.9
10    4.5
11    1.2
Name: length
    site  experiment
0      1           1
1      1           2
2      1           3
3      2           1
4      2           2
5      2           3
6      3           1
7      3           2
8      3           3
9      4           1
10     4           2
11     4           3
0      27.456
1      35.112
2       8.910
3      20.250
4      38.440
5      21.000
6      15.390
7       1.265
8      52.500
9      25.056
10    140.400
11      5.832
0      8.425169
1      8.917086
2      6.174348
3      7.816310
4      9.098197
5      7.889045
6      7.267436
7      2.270144
8      9.721626
9      8.242227
10    11.688991
11     5.326720
0     9.6
1     7.6
8     7.5
10    6.5
Name: height
experiment
1             4.70
2             5.10
3             3.85
Name: height
site
1       9.6
2       4.0
3       7.5
4       6.5
Name: height