  [1]  273  377   86 1572 1572  220  358 2183  321 2199 2199 1117 2177
 [14] 2177  314 2177 2206 2207 2206 2177 2183 2183 2177 1280 2206   41
 [27] 2199 2177 1117 2232 1280 2165 2199 2164 2177 1117   NA 2165 1117
 [40] 2232   19 2177 2232  204 1117 2165 2177 1117 2253  314  273  377
 [53]   86 1572 1572  220  358 2183  321 2199 2199 1117 2177 2177  314
 [66] 2177 2206 2207 2206 2177 2183 2183 2177 1280 2206   41 2199 2177
 [79] 1117 2232 1280 2165 2199 2164 2177 1117   NA 2165 1117 2232   19
 [92] 2177 2232  204 1117 2165 2177 1117 2253  314  273  377   86 1572
[105] 1572  220  358 2183  321 2199 2199 1117 2177 2177  314 2177 2206
[118] 2207 2206 2177 2183 2183 2177 1280 2206   41 2199 2177 1117 2232
[131] 1280 2165 2199 2164 2177 1117   NA 2165 1117 2232   19 2177 2232
[144]  204 1117 2165 2177 1117 2253  314  273  377   86 1572 1572  220
[157]  358 2183  321 2199 2199 1117 2177 2177  314 2177 2206 2207 2206
[170] 2177 2183 2183 2177 1280 2206   41 2199 2177 1117 2232 1280 2165
[183] 2199 2164 2177 1117   NA 2165 1117 2232   19 2177 2232  204 1117
[196] 2165 2177 1117 2253  314  273  377   86 1572 1572  220  358 2183
[209]  321 2199 2199 1117 2177 2177  314 2177 2206 2207 2206 2177 2183
[222] 2183 2177 1280 2206   41 2199 2177 1117 2232 1280 2165 2199 2164
[235] 2177 1117   NA 2165 1117 2232   19 2177 2232  204 1117 2165 2177
[248] 1117 2253  314
