   species_id p_hindfoot_length p_weight
1          BA             0.416    0.000
2          DM             0.000    0.000
3          DO             0.001    0.043
4          DS             0.000    0.000
5          NL             0.000    0.000
6          OL             0.000    0.023
7          OT             0.674    0.000
8          OX             0.618    1.000
9          PB             0.000    0.000
10         PE             0.038    0.000
11         PF             0.287    0.286
12         PH             0.564    0.807
13         PL             0.481    0.668
14         PM             0.003    0.000
15         PP             0.000    0.977
16         RF             0.916    0.004
17         RM             0.030    0.000
18         RO             0.148    0.288
19         SF             0.254    0.139
20         SH             0.023    0.001
21         SO             0.922    0.956